218	214	218	225	186	185	174	185	186	197	209	208	217	186	208	204	186	226	207	191	202	206	166	207	186	178	182	178	190	193	
228	205	203	233	174	206	185	205	205	220	183	189	204	197	223	176	209	194	218	192	208	230	193	227	183	201	207	214	190	180	
232	194	186	234	196	196	218	193	209	191	183	200	194	197	198	170	191	209	207	212	196	231	200	208	181	200	173	188	198	204	
249	243	195	246	218	207	224	209	217	200	211	217	206	172	244	213	186	231	182	244	200	195	217	204	181	188	211	210	193	196	
270	178	218	216	164	191	210	185	230	225	212	202	222	167	218	192	220	201	193	232	214	197	198	200	164	197	189	207	185	220	
230	219	202	229	195	173	206	203	210	209	217	207	200	216	226	214	224	233	175	242	204	224	203	197	195	196	211	193	206	218	
236	231	205	238	199	195	189	179	221	213	208	190	213	218	227	218	186	241	223	244	223	245	204	224	188	197	203	203	206	183	
240	227	245	249	212	203	206	190	220	228	191	215	227	197	236	220	220	223	213	259	224	224	186	220	188	213	199	208	204	188	
0	0	0	0	0	0	0	0	0	0	0	0	0	0	0	0	0	0	0	0	0	0	0	0	0	0	0	0	0	0	
271	193	195	225	188	206	176	186	204	228	198	205	170	219	228	218	178	201	215	224	180	240	227	193	184	209	229	195	195	192	
220	188	210	233	204	202	191	208	221	197	219	179	245	191	227	204	209	205	215	220	211	263	169	215	192	220	179	245	213	197	
249	221	211	243	217	188	221	195	232	208	187	202	195	221	227	194	214	225	227	217	214	222	206	239	234	226	215	194	213	189	
234	223	202	230	194	195	185	187	195	194	213	228	210	188	235	211	208	232	228	197	190	232	176	235	188	203	220	204	192	197	
235	200	205	239	239	181	197	199	228	231	210	203	211	201	225	210	229	192	215	205	213	233	208	228	194	230	225	168	194	223	
245	198	199	242	182	185	197	195	236	218	196	208	225	216	226	212	211	224	226	241	183	219	199	221	213	205	203	209	199	178	
234	218	209	266	205	174	204	184	241	226	205	205	227	213	218	196	208	229	206	224	232	236	243	210	184	228	197	216	226	197	
260	202	206	225	183	183	192	184	205	203	199	207	195	186	207	192	208	197	211	189	183	201	163	210	190	207	189	193	204	202	
269	208	197	245	179	197	221	210	204	217	210	228	216	194	223	187	192	214	217	242	200	218	226	222	195	222	210	210	173	220	
246	234	185	183	191	186	193	206	200	204	203	213	211	184	233	188	175	191	206	226	216	205	187	190	201	189	187	200	191	163	
240	216	210	242	203	212	191	200	215	204	219	240	205	186	234	213	223	228	213	225	224	218	195	193	180	216	216	184	186	195	
231	218	219	276	195	195	209	170	227	230	213	225	245	200	224	195	207	223	208	216	231	187	205	238	208	194	189	226	218	191	
223	228	193	241	214	229	185	222	237	187	238	215	244	216	227	189	218	230	197	251	205	230	175	233	179	204	211	227	195	230	
263	214	208	239	191	191	173	203	215	212	192	213	210	199	206	198	212	215	221	249	195	196	202	219	190	203	188	214	198	167	
234	217	207	226	202	189	192	210	238	196	196	221	200	176	200	209	213	200	232	229	210	184	215	235	185	208	222	215	199	197	
0	0	0	0	0	0	0	0	0	0	0	0	0	0	0	0	0	0	0	0	0	0	0	0	0	0	0	0	0	0	
251	203	198	256	201	197	209	207	214	211	211	182	220	189	247	203	222	223	235	243	200	224	183	225	194	219	203	216	189	196	
239	233	197	237	211	170	199	203	242	252	235	194	245	227	239	189	214	218	218	233	207	212	195	208	194	204	192	204	203	203	
245	213	264	248	192	200	187	174	222	215	216	242	209	189	224	243	215	181	213	224	221	210	200	230	195	213	233	176	196	233	
0	0	0	0	0	0	0	0	0	0	0	0	0	0	0	0	0	0	0	0	0	0	0	0	0	0	0	0	0	0	
221	225	211	231	179	193	177	204	214	204	220	178	195	216	233	203	205	187	229	208	194	199	198	214	180	182	223	197	190	213	
