210	202	239	203	171	180	161	180	212	185	173	195	182	183	188	176	178	176	186	199	168	173	198	202	162	186	189	209	165	196	
212	203	168	211	181	186	193	191	196	202	205	210	191	208	199	200	173	188	209	207	200	204	188	222	169	205	195	196	178	187	
222	188	183	227	208	203	182	201	210	153	197	217	204	207	188	183	182	195	217	221	192	178	178	200	185	195	168	193	179	189	
221	210	196	240	193	169	197	197	220	179	168	206	187	202	188	189	196	194	199	201	195	212	204	178	176	222	209	173	166	204	
206	197	186	205	180	200	183	198	221	209	195	199	179	176	188	189	168	203	194	176	181	210	186	195	189	179	191	187	176	183	
200	181	192	191	203	198	185	203	227	184	208	199	176	189	222	202	191	202	218	212	195	188	200	216	182	176	206	190	189	178	
218	183	193	247	188	170	197	213	206	198	174	243	185	219	205	196	175	197	191	180	191	174	195	197	189	208	218	209	203	192	
232	203	179	230	231	187	203	189	214	192	238	204	181	207	228	176	177	217	188	226	196	198	212	210	176	184	220	212	196	179	
0	0	0	0	0	0	0	0	0	0	0	0	0	0	0	0	0	0	0	0	0	0	0	0	0	0	0	0	0	0	
183	183	158	197	173	177	203	190	190	185	187	196	190	185	220	192	188	203	179	203	184	200	184	208	183	188	200	153	197	191	
205	184	205	226	188	206	184	195	223	223	211	221	186	194	182	197	204	180	192	181	181	209	197	185	206	213	180	188	169	213	
250	195	218	218	193	203	210	196	216	197	185	257	218	200	202	203	174	194	214	222	162	181	218	206	177	206	174	184	237	182	
208	206	194	176	173	209	212	201	207	201	193	214	188	184	195	196	187	171	200	200	174	178	160	180	182	196	201	181	181	177	
222	206	195	228	213	195	203	176	198	199	202	205	182	161	190	179	195	196	199	195	205	164	195	202	198	175	173	193	200	194	
241	178	224	233	216	191	175	200	227	195	194	194	199	201	220	165	197	179	168	189	157	194	187	198	208	186	224	216	191	214	
234	243	210	227	217	201	188	193	210	217	182	206	188	205	217	171	197	211	206	212	192	172	209	190	200	183	207	191	167	192	
201	199	175	217	197	201	196	179	220	216	207	194	194	165	228	188	170	197	175	205	162	160	177	180	186	212	185	164	189	201	
205	209	200	206	193	206	167	196	211	202	197	211	206	205	178	192	206	171	198	223	178	177	192	216	195	207	193	174	181	208	
194	199	200	201	173	203	200	172	216	204	185	226	228	193	207	212	197	198	217	171	154	186	187	176	174	183	179	169	168	203	
190	175	196	214	205	212	194	196	201	175	206	188	202	198	221	162	191	178	202	210	163	170	169	190	181	197	166	175	184	172	
207	165	180	207	211	213	185	193	190	203	189	200	169	202	187	191	168	166	172	208	183	211	175	191	193	186	197	204	172	191	
180	169	199	197	208	180	221	195	209	196	200	221	187	205	180	185	191	189	203	214	200	192	178	214	178	194	194	206	205	218	
203	199	200	220	187	185	202	205	171	166	189	195	203	179	194	166	175	189	194	201	177	186	162	191	203	165	196	192	175	210	
204	211	187	231	201	187	188	183	200	171	193	205	172	182	175	207	181	201	225	185	207	192	188	169	176	188	182	162	204	189	
196	200	186	208	195	162	173	188	178	201	167	180	179	179	187	193	188	190	191	188	183	160	167	204	174	163	180	178	175	203	
197	200	192	211	213	180	194	182	208	180	207	192	202	184	207	215	201	179	204	218	175	178	201	206	188	179	219	174	172	231	
216	192	151	219	189	195	172	197	198	174	197	203	208	186	191	193	187	192	186	186	183	209	204	208	178	185	185	191	170	196	
218	191	218	213	201	166	211	198	192	240	222	239	189	189	191	177	172	194	185	201	178	210	201	215	193	216	205	196	192	209	
200	186	219	225	199	189	210	186	208	193	172	188	187	210	198	219	190	209	188	190	196	186	176	203	183	163	196	204	180	179	
235	168	196	211	184	179	196	203	221	196	198	236	177	173	193	189	181	187	199	205	200	188	189	189	186	175	170	202	190	201	
