5	58	5	6	55	16	14	19	11	13	0	12	19	34	5	12	5	2	2	3	0	22	11	9	14	1	27	30	7	34	
5	20	86	20	9	31	35	203	56	37	1	54	50	55	35	46	15	15	4	9	2	116	12	2	12	33	99	8	30	30	
15	55	94	10	63	34	29	112	31	96	7	25	35	106	57	218	10	52	16	11	5	66	9	16	4	30	29	17	146	57	
42	130	27	36	68	22	20	159	9	46	4	21	34	53	14	91	24	9	11	9	1	35	12	21	14	23	56	8	49	38	
66	211	58	9	23	28	17	78	11	20	6	11	161	47	64	23	20	11	66	29	12	71	15	19	19	35	149	25	26	40	
21	245	114	5	18	9	46	76	26	13	3	25	159	81	2	57	16	72	5	19	4	83	12	42	20	84	73	6	16	23	
35	2	9	7	2	4	56	7	3	2	1	59	10	21	4	4	105	3	2	0	6	7	12	114	4	56	84	16	2	43	
17	40	64	86	68	114	59	93	100	109	20	77	73	65	147	39	192	6	51	30	13	116	23	115	7	30	50	53	426	174	
14	70	49	29	26	84	59	143	25	76	14	12	39	93	37	71	24	23	16	48	22	44	31	41	18	115	40	26	129	55	
34	96	267	12	33	23	60	140	7	21	5	23	77	136	14	111	15	23	31	95	8	235	8	14	9	228	288	13	17	26	
60	171	91	118	73	82	140	90	59	103	16	149	94	355	76	94	118	157	39	70	29	124	118	273	51	76	172	128	159	195	
20	59	85	114	17	35	43	111	17	163	7	56	63	162	40	50	35	13	18	19	24	215	26	78	12	27	256	53	19	64	
2	8	18	26	185	37	37	18	33	48	8	40	12	58	30	23	86	66	27	16	11	37	33	172	11	26	35	46	64	129	
8	38	32	9	31	10	34	120	8	10	0	4	59	26	15	21	7	16	7	22	15	54	11	10	5	33	61	28	40	36	
25	69	67	112	29	75	89	85	44	124	10	56	92	120	35	52	119	48	36	12	9	68	19	115	10	45	93	32	130	92	
106	16	17	25	2	14	30	3	13	11	14	114	15	26	32	20	403	23	7	11	71	22	81	1357	11	14	6	168	7	182	
5	75	63	43	84	48	61	131	108	115	7	37	67	114	11	44	42	184	20	14	18	47	41	67	13	28	72	60	118	89	
23	45	39	56	212	33	29	26	53	41	7	69	50	43	40	35	110	9	29	11	17	121	27	42	7	26	85	42	102	58	
39	154	222	104	108	283	61	154	46	163	29	106	194	402	245	312	62	469	52	131	51	124	68	119	32	122	288	182	135	278	
5	6	57	16	9	6	28	6	18	8	2	66	13	3	9	23	13	4	8	23	1	52	3	8	0	37	26	3	4	5	
13	66	395	16	30	19	50	62	6	9	0	6	81	30	3	38	18	9	7	27	6	92	0	13	5	174	217	2	25	18	
16	23	15	3	8	16	59	14	19	11	1	44	20	17	66	30	177	7	53	3	38	12	17	80	9	10	22	13	13	47	
45	75	170	96	81	46	92	160	55	114	4	161	105	164	50	160	80	125	24	37	24	201	58	64	18	108	255	35	50	91	
2	9	49	14	0	5	31	19	6	2	5	34	18	13	73	18	151	1	11	4	8	29	12	18	2	35	15	11	10	18	
38	6	11	9	39	22	96	74	18	7	1	16	27	14	19	28	48	11	8	0	168	79	24	29	6	22	62	43	1	17	
0	0	0	0	0	0	0	0	0	0	0	0	0	0	0	0	0	0	0	0	0	0	0	0	0	0	0	0	0	0	
33	33	154	135	20	23	95	47	31	70	2	64	52	103	93	53	24	21	22	11	18	232	20	23	7	69	198	57	42	70	
7	8	9	7	25	26	48	6	17	1	6	29	23	7	3	19	412	11	17	0	36	15	11	142	1	13	18	17	11	52	
48	112	93	152	377	98	108	82	120	115	18	49	101	98	64	74	120	25	27	27	43	203	69	102	21	65	226	106	217	152	
24	43	54	32	24	68	143	72	80	125	10	131	75	217	39	56	108	39	245	23	27	49	47	133	14	80	116	54	109	153	
9	59	66	18	22	37	47	36	11	38	13	16	31	42	10	26	28	24	15	8	4	67	9	25	1	93	132	20	129	60	
35	82	68	61	108	50	62	47	37	123	8	41	53	120	71	84	75	98	98	21	27	84	40	139	30	44	144	62	62	100	
46	45	74	40	9	16	51	115	14	171	12	77	57	89	11	185	28	30	8	26	9	76	28	59	6	148	115	98	24	70	
114	177	184	251	208	84	240	133	100	220	31	121	243	244	66	89	177	128	62	73	62	523	149	245	110	113	713	137	119	207	
102	69	121	101	74	74	61	109	28	184	11	104	93	283	87	213	127	188	20	54	38	122	48	126	24	68	57	78	154	226	
54	23	6	40	0	13	26	7	23	101	62	54	11	29	13	28	263	12	3	10	188	8	38	945	10	7	3	110	22	88	
35	23	79	65	55	28	55	24	17	110	5	140	80	57	68	61	42	35	6	30	7	195	13	38	6	37	546	12	14	37	
17	35	52	79	200	66	35	85	54	111	13	67	40	138	72	69	59	28	17	16	17	26	89	63	38	28	32	62	623	112	
87	57	141	44	60	14	67	43	20	22	11	177	89	45	27	33	65	8	32	20	15	119	23	56	15	58	341	50	24	40	
2	21	82	47	30	215	24	98	68	229	7	52	53	40	41	20	59	35	71	30	17	55	15	33	10	28	33	15	600	105	
18	46	172	6	76	17	39	89	7	18	1	23	153	28	21	31	5	65	29	48	10	156	7	19	7	113	212	4	4	15	
2	26	57	6	9	12	8	61	3	23	6	3	49	35	9	3	3	9	9	3	1	12	2	17	8	11	40	13	115	14	
62	92	104	17	96	43	72	110	17	114	21	30	88	133	102	42	58	18	20	23	18	111	26	82	13	47	197	69	21	108	
31	33	127	56	50	18	18	67	4	82	2	13	50	43	33	43	10	31	6	9	1	75	13	10	5	26	33	15	25	27	
13	44	396	16	41	16	12	103	1	21	3	14	68	91	9	92	6	11	15	8	2	52	11	4	3	24	112	17	10	11	
28	40	46	25	96	19	40	65	13	23	9	32	15	37	42	23	21	31	1	2	5	49	12	27	2	30	28	11	25	19	
97	144	411	148	48	68	136	125	34	180	12	69	197	178	62	249	41	100	23	245	28	210	27	73	29	233	399	33	46	63	
14	50	98	3	44	9	29	48	1	8	1	30	69	21	17	121	7	3	5	1	2	88	5	6	0	94	241	6	18	9	
18	71	169	45	49	18	137	58	15	23	7	50	119	24	14	46	86	30	17	32	13	196	26	59	21	67	415	13	15	40	
41	36	61	44	2	10	46	19	8	5	2	32	86	16	5	11	16	27	10	29	9	113	10	22	1	84	546	8	5	25	
0	0	0	0	0	0	0	0	0	0	0	0	0	0	0	0	0	0	0	0	0	0	0	0	0	0	0	0	0	0	
122	121	206	97	75	29	70	96	24	72	9	24	177	66	12	72	33	47	30	42	27	317	12	32	9	79	374	24	25	56	
15	69	97	40	13	15	50	54	12	75	9	21	34	16	5	32	23	2	25	5	8	284	6	37	16	47	287	9	99	27	
34	91	260	26	289	20	38	137	49	45	10	32	147	49	12	25	15	22	31	27	5	139	29	19	5	59	281	18	24	47	
17	3	12	13	65	6	25	7	12	0	8	422	24	30	29	15	153	101	33	5	29	10	34	208	2	13	14	26	21	120	
30	101	33	69	14	18	53	44	31	99	12	84	24	135	74	55	119	110	9	34	27	87	76	427	22	29	48	90	43	179	
8	20	20	93	31	19	36	19	7	91	12	29	45	27	20	22	38	31	22	3	17	45	32	46	28	9	2	63	112	42	
12	19	12	3	30	14	17	15	12	16	5	89	21	108	20	8	50	11	58	6	6	76	14	21	3	6	37	14	29	185	
71	158	467	166	37	34	245	74	27	46	16	131	215	106	31	50	93	42	41	68	28	785	46	94	26	170	894	39	65	77	
13	14	17	58	18	5	18	17	11	33	4	27	9	23	3	9	69	7	15	3	3	26	14	61	7	9	104	9	49	25	
23	88	300	12	130	59	86	199	18	73	11	30	209	116	35	198	20	55	38	68	8	122	12	22	12	138	177	35	103	82	
114	30	94	73	24	34	81	38	31	24	12	19	34	59	48	28	52	47	14	27	32	163	31	35	15	183	207	35	21	34	
24	95	99	130	323	268	38	145	51	411	45	70	50	242	102	161	78	67	26	8	39	45	41	142	20	48	98	103	272	214	
33	38	64	48	95	61	34	23	16	61	37	106	35	117	85	32	164	86	20	14	35	84	45	440	21	50	40	53	80	186	
12	25	56	20	180	61	23	44	42	22	5	32	61	56	9	38	23	30	1	13	14	94	15	18	9	34	33	36	57	160	
65	47	363	64	127	23	28	88	9	45	4	59	158	109	17	60	42	19	18	19	30	260	29	26	34	62	358	40	24	55	
21	14	35	32	24	59	28	56	37	25	71	78	72	52	65	23	60	105	22	23	28	66	66	193	141	34	66	76	157	49	
16	53	35	14	9	24	42	67	40	58	2	10	83	67	18	31	14	49	19	14	4	44	29	26	7	45	89	17	58	73	
1	8	22	4	42	16	10	17	5	24	2	5	17	7	2	3	2	25	6	18	5	21	7	1	2	5	18	10	71	14	
9	30	4	2	38	45	14	35	9	19	737	8	19	26	68	18	116	55	19	4	22	16	11	104	4	0	5	77	129	77	
21	25	98	3	10	6	33	10	7	9	0	17	27	25	13	12	7	6	14	10	8	59	7	2	2	36	293	0	18	10	
35	17	13	19	7	4	39	8	37	28	17	14	9	11	15	17	1	27	0	10	1	42	1	13	0	9	155	2	5	8	
75	222	158	65	57	77	145	170	33	205	39	92	156	174	69	156	108	58	46	75	30	484	84	163	25	93	273	91	211	141	
6	31	0	7	39	7	13	3	3	9	4	7	22	29	8	4	58	55	0	9	7	29	4	22	6	9	9	14	100	15	
17	8	7	86	9	7	8	0	43	25	3	37	6	15	142	10	102	6	0	8	6	12	14	186	3	3	17	26	26	28	
21	33	53	138	301	140	145	87	81	124	32	93	69	181	119	60	342	53	54	16	52	35	60	195	28	55	35	110	494	436	
11	72	134	5	4	12	17	17	15	21	6	1	26	5	3	8	18	16	4	21	6	24	3	47	5	23	77	12	4	11	
16	14	39	17	28	19	10	19	15	11	10	43	46	24	63	30	89	26	79	15	12	26	16	80	6	28	31	5	27	63	
29	14	15	87	26	30	46	37	26	15	7	78	42	55	45	50	129	35	7	30	85	39	34	176	5	35	37	36	19	72	
5	53	75	1	27	25	45	29	9	2	5	5	46	44	3	17	15	11	16	10	1	30	6	31	13	14	103	19	9	12	
107	45	38	44	11	23	129	24	25	68	19	43	62	67	34	102	179	62	24	30	35	103	48	249	12	56	157	23	27	64	
54	164	112	15	114	46	66	123	49	133	21	46	55	77	38	90	66	197	38	41	13	157	27	82	31	86	111	78	107	87	
26	122	50	17	17	27	74	25	26	22	7	52	60	171	51	10	33	18	15	7	6	140	42	29	7	49	154	24	24	97	
18	52	23	51	221	28	16	91	39	261	4	33	22	51	92	73	57	45	2	10	12	31	41	71	6	10	23	53	71	74	
3	21	46	24	6	27	13	25	18	32	4	54	27	38	24	15	13	9	5	6	4	26	12	7	4	24	86	11	18	31	
9	4	9	25	1	15	51	4	33	12	29	243	10	6	84	5	798	7	12	7	47	33	50	262	4	7	22	30	19	44	
19	280	62	8	8	13	47	48	10	49	9	27	28	61	24	36	24	27	23	12	10	73	15	35	14	68	163	8	57	35	
0	0	0	0	0	0	0	0	0	0	0	0	0	0	0	0	0	0	0	0	0	0	0	0	0	0	0	0	0	0	
32	44	98	120	81	40	41	65	27	66	15	249	42	130	91	150	54	115	31	38	24	107	41	103	17	63	316	55	33	124	
78	58	47	35	21	44	108	61	34	75	20	146	112	162	57	76	173	188	55	54	39	130	85	670	34	111	191	83	26	154	
79	65	52	4	21	32	40	107	8	44	15	19	58	104	28	16	97	28	6	22	19	113	29	137	15	100	142	38	14	67	
832	136	114	125	20	24	140	58	32	21	53	44	100	68	30	38	234	30	9	25	92	203	47	909	13	101	221	85	6	120	
10	48	88	11	9	19	26	63	17	43	3	7	20	20	3	26	9	0	15	6	1	44	3	13	1	86	54	12	23	16	
3	11	8	13	17	15	13	12	3	62	3	16	12	9	29	14	78	6	0	4	5	32	14	82	2	19	3	20	8	15	
20	38	62	5	12	6	21	25	13	57	13	5	31	32	13	5	12	27	9	5	5	25	11	26	0	13	41	31	51	24	
4	21	44	105	312	188	18	47	57	232	36	56	30	71	113	23	73	39	30	14	15	22	29	50	54	17	16	48	2710	211	
69	12	129	5	7	7	15	34	1	11	2	18	69	12	9	21	23	5	21	7	9	200	6	8	5	30	361	7	2	11	
9	20	64	29	19	21	17	59	9	20	20	27	64	87	14	108	17	10	15	3	19	79	19	79	2	10	35	22	34	59	
2	1	18	29	584	0	0	2	5	8	3	0	1	1	0	4	0	0	0	3	1	0	0	1	0	0	0	2	3	10	
17	54	44	26	103	75	35	63	51	19	8	44	51	73	43	67	72	37	17	32	26	46	45	74	12	53	55	229	103	81	
