216	207	189	237	188	179	225	177	190	173	204	227	207	179	211	203	185	214	206	202	199	203	168	171	183	195	209	206	175	199	
254	205	189	216	194	191	193	208	204	201	211	204	196	203	214	197	175	206	182	206	185	203	186	217	175	205	191	203	197	184	
222	178	187	218	191	216	175	208	205	177	183	174	204	201	206	196	176	195	194	195	171	211	184	216	181	199	198	211	210	209	
223	191	187	215	176	184	157	193	199	209	188	226	202	199	224	205	211	199	201	225	190	201	191	229	199	198	179	217	180	183	
221	215	167	227	184	183	202	184	219	210	195	219	175	167	207	182	196	196	193	192	195	190	214	210	209	202	221	196	188	179	
220	195	212	242	182	217	188	227	218	181	202	204	215	211	198	211	208	202	170	221	195	207	206	198	199	182	199	183	194	215	
222	221	205	218	194	192	187	208	214	203	211	202	193	225	201	211	211	212	176	213	203	214	240	199	205	193	198	174	183	212	
231	200	181	222	195	168	216	208	235	198	197	224	215	224	211	227	202	185	203	227	197	240	186	204	188	198	213	218	191	199	
0	0	0	0	0	0	0	0	0	0	0	0	0	0	0	0	0	0	0	0	0	0	0	0	0	0	0	0	0	0	
215	207	194	214	174	175	198	207	196	176	174	181	218	177	218	179	204	220	180	199	189	203	209	198	196	200	226	189	201	202	
216	184	183	239	247	197	170	196	251	221	174	179	199	176	188	173	187	193	229	238	203	184	193	201	196	183	191	207	192	213	
250	201	203	257	236	204	200	199	215	227	195	204	176	209	230	193	207	193	200	203	202	223	211	206	204	200	212	232	173	197	
209	187	186	250	199	189	210	173	243	197	206	202	193	199	222	193	214	174	187	200	174	207	179	212	205	195	212	204	226	172	
220	223	199	232	205	166	196	217	231	192	201	208	187	191	213	192	177	210	196	231	217	213	190	202	201	189	199	193	205	187	
246	184	206	234	174	184	183	209	216	226	201	211	208	213	192	195	220	225	164	233	177	231	197	228	211	185	201	188	216	198	
221	199	217	221	195	216	208	172	245	222	229	213	199	159	217	191	204	222	207	222	196	218	216	215	204	206	208	181	210	206	
225	227	189	268	199	194	188	175	205	183	196	229	200	173	214	177	181	215	198	220	190	200	198	212	181	199	222	197	171	191	
208	215	181	231	208	179	193	181	225	212	199	211	214	209	204	201	197	200	193	219	206	230	209	225	181	198	193	195	190	176	
228	198	182	211	177	204	189	171	211	187	203	176	186	196	205	191	170	184	209	200	172	207	202	184	189	197	187	199	202	209	
246	186	212	214	212	191	195	189	230	203	217	184	197	189	222	197	204	227	204	226	178	183	195	185	171	206	208	173	188	199	
219	201	189	250	186	191	181	183	212	199	193	206	176	182	232	203	193	226	192	209	210	188	191	189	196	179	227	218	186	178	
279	206	220	240	180	204	210	176	240	198	201	217	205	190	193	189	228	220	204	199	189	195	184	185	177	217	200	192	217	205	
219	172	192	228	162	188	183	179	214	190	196	201	202	178	168	189	193	219	219	208	183	169	178	211	215	195	185	184	168	191	
215	193	180	225	173	180	199	184	211	204	180	184	211	207	187	205	188	220	210	206	208	197	203	214	197	188	227	209	187	180	
0	0	0	0	0	0	0	0	0	0	0	0	0	0	0	0	0	0	0	0	0	0	0	0	0	0	0	0	0	0	
229	201	233	227	196	194	196	207	218	208	190	209	208	191	198	168	192	189	196	247	167	197	175	218	210	189	216	194	193	192	
238	207	190	229	175	177	176	194	213	206	188	216	214	189	198	200	209	221	213	206	192	182	177	200	195	172	195	198	194	221	
235	213	220	229	194	208	183	215	190	201	225	235	195	189	213	216	220	223	221	234	231	196	220	211	214	201	219	220	188	190	
235	183	206	226	206	187	194	205	219	219	190	203	199	204	207	178	194	187	198	226	201	194	192	205	200	188	192	213	206	176	
229	211	195	240	197	199	185	206	197	177	195	245	175	194	197	182	190	185	199	206	216	220	211	211	194	197	189	181	179	196	
