214	209	172	204	205	167	189	179	198	204	178	191	160	196	193	175	188	197	215	180	176	176	177	191	177	190	161	163	178	174	
196	197	199	178	176	192	193	149	186	213	166	203	209	187	212	167	175	223	197	209	193	173	177	185	173	181	166	175	194	194	
187	218	187	195	170	195	193	181	187	204	192	197	178	156	192	203	180	185	214	189	178	196	200	192	180	193	189	186	177	162	
203	162	189	189	188	224	197	210	197	182	196	179	197	194	192	186	181	185	182	198	172	184	197	184	187	175	180	174	189	202	
199	181	204	215	194	182	203	181	174	188	230	203	179	169	193	183	175	198	185	213	167	200	194	208	179	162	179	175	191	186	
167	216	192	179	168	206	211	191	194	202	189	204	198	197	187	187	192	218	198	183	190	190	171	188	174	190	174	153	202	190	
186	221	211	209	197	179	202	191	222	189	205	188	196	191	205	200	184	210	209	208	159	206	199	199	186	198	172	171	165	204	
220	193	192	199	185	182	196	178	195	208	187	223	171	176	188	159	185	171	177	185	179	158	209	169	186	184	178	196	198	196	
184	189	195	199	191	182	197	196	167	179	198	208	189	180	174	198	183	160	205	195	187	177	167	187	177	169	190	171	175	171	
192	179	198	176	195	177	187	187	200	190	202	209	172	216	185	177	225	167	185	190	185	185	178	169	193	169	201	192	212	164	
175	208	166	213	194	175	188	175	194	198	185	172	199	178	182	185	160	191	189	197	204	185	171	210	179	182	183	195	203	206	
218	189	189	175	175	167	186	192	191	211	199	210	194	192	208	215	207	192	200	185	186	151	199	185	187	210	184	185	187	185	
195	179	191	193	169	173	160	182	175	166	199	199	187	188	181	166	165	169	171	183	191	195	181	207	193	194	176	198	206	177	
192	187	199	202	197	179	197	175	185	187	190	212	178	178	188	180	209	198	180	216	215	183	175	202	175	175	178	171	177	175	
196	181	207	175	208	203	171	175	183	200	183	184	192	156	201	178	172	193	192	193	193	165	170	174	159	189	197	190	195	171	
204	181	196	218	207	190	195	189	196	193	167	201	182	169	190	165	200	204	179	175	194	173	164	215	177	202	205	170	197	182	
215	203	179	163	149	169	228	176	197	172	223	185	184	200	194	191	196	196	188	184	176	209	193	204	203	174	167	198	163	203	
208	200	187	169	195	186	188	188	198	189	193	189	207	183	188	187	179	197	183	198	182	188	186	219	177	201	166	186	177	206	
199	192	173	213	210	186	187	184	181	180	197	209	184	194	196	170	184	185	184	189	202	183	202	184	183	189	208	171	181	208	
206	186	187	180	171	197	187	178	208	202	203	189	167	210	198	167	182	184	201	202	197	189	190	194	170	193	192	169	185	211	
182	196	199	193	178	200	195	188	178	185	179	202	176	215	187	185	186	198	203	186	171	170	178	205	185	186	181	181	174	196	
195	206	207	211	202	221	174	171	166	201	207	206	187	176	169	200	177	164	204	187	202	184	207	163	173	179	203	177	164	199	
201	189	178	180	184	191	173	177	182	190	208	162	175	160	153	192	174	166	179	201	184	193	171	192	178	200	166	161	210	219	
211	187	167	199	167	195	209	186	170	193	171	203	193	182	216	164	186	193	193	169	184	162	205	188	176	182	179	178	189	194	
204	185	166	166	207	171	177	178	195	171	184	216	176	166	210	178	168	181	184	177	182	161	189	194	188	160	162	173	197	205	
186	189	188	181	174	162	167	191	200	196	185	193	186	197	230	174	189	194	189	172	180	181	153	198	190	180	170	181	200	174	
194	167	194	197	182	179	179	158	156	191	175	201	188	190	206	178	173	205	186	188	175	158	196	206	170	194	204	170	194	189	
193	201	191	188	180	190	179	173	195	156	181	231	175	177	180	195	197	162	199	215	174	204	200	186	184	187	173	175	196	199	
216	179	197	187	189	173	193	175	169	156	188	215	185	190	189	176	205	185	185	183	185	201	170	190	188	207	208	200	207	188	
186	172	192	228	174	189	194	183	196	199	174	206	186	199	174	181	209	208	200	197	174	160	183	171	176	188	192	188	176	200	
