1	8	0	13	5	1	35	2	14	17	19	12	43	7	14	4	7	18	5	28	76	3	0	3	3	1	30	12	40	26	
6	16	68	46	18	56	27	2	6	6	8	19	139	7	60	0	47	26	32	20	43	13	10	42	18	35	112	47	32	148	
3	29	119	133	29	40	4	2	17	11	52	40	128	16	36	8	77	13	117	43	118	6	22	65	55	19	76	117	40	16	
2	18	20	46	23	26	21	3	26	28	42	29	81	15	65	11	57	48	117	48	60	12	3	18	27	7	31	30	67	51	
6	17	16	22	29	22	22	2	0	11	23	68	86	28	54	3	36	406	50	42	17	5	17	39	18	94	54	13	46	133	
5	6	43	103	11	45	24	2	19	30	35	247	181	31	74	19	30	71	25	40	35	12	73	28	23	88	92	9	15	114	
0	79	0	25	15	4	14	4	3	85	24	9	49	27	35	45	16	5	20	14	14	45	7	0	10	14	3	2	53	66	
6	82	46	27	54	130	30	2	23	157	97	98	85	32	74	46	247	41	29	93	117	20	23	79	146	55	126	199	302	56	
1	49	117	34	31	20	6	1	17	31	82	34	137	14	80	12	109	34	84	143	39	12	13	42	104	32	49	86	43	52	
7	26	116	104	18	92	12	4	13	13	28	153	352	30	206	10	24	57	90	114	71	17	38	49	32	32	81	20	15	317	
10	283	62	259	162	50	106	10	76	88	79	70	234	69	142	134	157	109	177	154	102	51	56	110	187	80	121	133	135	159	
9	75	78	41	85	23	5	4	9	52	37	37	127	45	140	85	187	44	54	187	28	16	121	61	43	49	74	18	44	225	
1	274	39	57	57	24	12	4	32	47	43	8	27	19	29	10	44	25	29	26	269	12	4	19	68	3	12	71	32	32	
3	18	26	21	8	10	11	7	4	5	44	18	80	10	46	5	18	32	86	13	38	4	17	3	20	25	53	14	36	104	
6	101	49	82	49	25	35	13	23	65	42	25	138	38	88	53	138	35	69	196	49	24	10	50	100	78	42	82	69	152	
3	1159	17	52	118	17	37	18	82	543	30	11	31	95	29	234	21	7	18	22	15	50	12	50	81	5	6	14	81	19	
22	43	7	208	126	36	20	8	22	17	60	63	101	20	84	37	90	19	112	69	139	24	8	14	80	35	169	114	117	62	
9	71	23	34	40	12	49	0	22	57	61	20	45	19	112	24	75	119	49	87	146	14	13	40	49	27	18	101	69	93	
17	163	217	731	149	91	57	9	84	75	445	85	256	50	145	62	190	78	291	244	162	33	72	156	198	64	150	111	170	275	
1	2	15	16	9	34	75	1	3	10	7	6	71	5	58	6	5	18	6	32	9	0	30	7	7	4	23	4	7	30	
2	6	38	34	17	161	6	10	4	13	3	57	308	31	159	11	35	28	35	65	25	2	150	10	10	37	55	14	12	195	
0	84	33	11	9	2	25	7	11	176	21	21	24	16	72	57	45	13	9	25	4	20	5	37	22	15	32	7	55	23	
0	0	0	0	0	0	0	0	0	0	0	0	0	0	0	0	0	0	0	0	0	0	0	0	0	0	0	0	0	0	
5	9	11	6	14	18	25	1	4	134	5	2	60	23	35	18	9	4	18	33	6	2	16	83	19	16	8	3	20	16	
0	52	4	13	11	18	4	209	12	31	62	16	72	21	70	37	8	1	36	12	34	6	10	54	29	36	67	8	48	71	
0	0	0	0	0	0	0	0	0	0	0	0	0	0	0	0	0	0	0	0	0	0	0	0	0	0	0	0	0	0	
8	60	45	28	41	32	9	10	25	24	36	22	173	32	281	29	113	28	38	192	18	18	39	107	86	22	78	31	70	163	
1	156	6	34	25	4	3	12	14	329	6	5	10	21	36	61	13	8	5	8	27	38	11	6	26	3	10	29	56	28	
4	114	55	79	102	36	20	7	33	109	119	82	184	70	161	66	251	38	122	221	347	20	18	82	157	66	91	162	113	222	
5	133	20	149	61	40	158	25	35	61	148	43	172	69	83	70	152	23	124	135	55	34	21	21	88	46	74	38	297	187	
2	33	13	33	14	17	46	8	12	40	32	60	152	28	116	20	43	24	19	67	9	7	9	27	47	24	20	71	46	75	
4	108	133	132	69	21	5	3	19	126	26	22	146	25	113	58	95	112	87	90	113	32	26	66	45	34	46	86	75	129	
7	56	125	68	48	22	25	9	15	57	80	50	261	50	109	31	169	21	66	119	14	35	10	74	22	48	28	8	58	98	
19	222	132	146	135	69	32	12	63	150	191	125	334	89	337	128	296	221	270	475	219	49	83	135	172	104	105	136	183	620	
6	123	181	297	90	54	44	10	43	99	218	66	163	80	95	67	288	44	147	151	105	39	38	53	181	37	55	49	123	103	
4	484	18	26	88	5	26	12	28	248	52	10	20	104	11	757	115	5	15	21	26	27	9	26	60	3	9	23	15	17	
1	35	53	76	35	26	124	12	6	43	32	26	131	44	171	45	89	32	22	135	33	11	55	85	18	44	25	16	67	483	
8	92	30	91	114	16	15	7	37	33	103	47	79	28	66	30	254	56	88	105	231	34	17	50	88	27	65	444	38	44	
1	55	57	20	20	44	107	11	13	56	46	24	156	69	160	60	62	34	41	172	62	25	41	69	11	15	47	14	46	334	
4	57	18	55	64	41	6	4	31	41	64	31	64	25	63	24	366	49	39	97	109	38	20	47	127	46	125	351	50	52	
4	17	97	97	22	56	14	2	17	16	19	46	278	29	151	12	22	33	35	103	49	20	28	22	20	37	68	13	17	140	
3	12	19	17	10	30	3	3	2	7	31	38	41	8	55	3	14	11	25	21	39	7	5	1	18	26	47	4	19	26	
4	74	46	69	52	37	21	15	31	90	89	50	160	36	100	41	87	31	84	128	93	42	22	90	104	46	42	28	84	286	
5	28	78	32	23	41	4	6	6	13	11	36	136	20	41	12	60	8	10	80	22	7	17	51	17	41	58	26	11	34	
3	9	29	43	4	525	3	1	11	7	26	55	82	17	43	4	32	27	38	54	55	6	30	11	11	65	48	24	16	44	
1	12	24	54	30	25	25	3	6	65	11	24	103	21	41	16	48	6	32	21	70	8	18	39	11	17	36	38	9	57	
10	80	202	336	84	79	59	13	26	41	104	80	476	46	213	47	141	111	138	363	54	34	175	110	53	87	85	55	63	382	
5	12	71	15	11	28	27	2	0	10	20	84	113	22	80	15	20	24	36	70	27	2	20	3	33	29	54	8	14	116	
9	62	72	92	31	38	13	4	20	73	22	23	155	17	227	37	57	51	41	89	66	16	64	42	16	37	72	14	42	355	
4	11	15	59	15	28	26	8	6	16	9	59	162	33	156	61	19	35	22	73	23	10	39	6	7	37	32	5	21	355	
0	0	0	0	0	0	0	0	0	0	0	0	0	0	0	0	0	0	0	0	0	0	0	0	0	0	0	0	0	0	
9	34	71	150	54	69	14	7	28	20	38	46	467	74	189	67	112	77	148	227	98	22	71	35	30	27	39	42	33	299	
3	27	21	35	30	37	15	3	18	16	15	26	240	32	202	11	130	45	58	83	7	0	19	19	9	16	94	44	23	209	
6	23	70	59	45	112	23	5	18	19	46	51	166	36	231	18	85	39	45	130	291	15	37	56	25	47	122	56	31	218	
3	178	23	63	22	11	52	4	32	150	30	0	20	7	8	56	11	3	21	8	129	400	4	17	111	0	8	22	141	18	
8	398	29	163	95	17	75	11	64	77	78	40	133	46	56	76	53	24	136	81	64	24	23	51	86	15	38	37	81	82	
17	89	18	64	52	12	11	2	10	25	17	19	23	8	16	32	174	15	17	92	22	5	16	24	18	3	61	67	33	12	
2	42	9	25	17	22	31	6	23	37	46	37	28	11	38	6	20	7	35	13	20	40	4	48	45	2	20	18	282	77	
12	162	68	96	70	127	53	18	27	111	65	71	390	75	715	68	106	87	116	295	115	32	134	123	43	165	150	69	75	726	
1	20	6	15	10	7	1	3	20	120	15	6	5	17	26	19	37	0	27	92	22	22	14	13	28	0	0	20	17	63	
11	41	130	76	53	98	15	9	27	18	79	123	244	37	94	26	112	82	111	145	126	25	70	40	94	40	202	49	67	160	
10	36	57	50	38	16	8	7	7	52	18	26	176	93	221	68	57	54	40	107	38	9	15	81	29	27	89	13	32	111	
9	196	122	103	129	41	16	6	37	93	410	64	87	30	59	92	575	43	94	164	379	41	28	81	182	34	53	146	189	133	
5	317	9	126	98	25	63	8	34	227	66	17	113	61	61	95	140	8	32	108	109	56	12	98	95	15	34	25	129	67	
3	36	22	63	75	13	32	4	33	21	120	29	78	15	20	8	46	7	44	35	164	17	22	4	96	37	27	33	108	43	
8	23	174	70	52	120	9	4	14	15	33	25	204	45	226	66	78	41	36	279	110	17	64	82	56	108	37	19	40	323	
5	308	49	72	104	14	27	6	29	144	56	8	56	35	47	74	108	33	29	48	41	52	11	33	49	29	41	100	57	49	
4	49	47	40	26	23	8	3	8	6	39	43	95	19	41	7	38	50	29	52	13	10	23	15	48	99	53	52	41	85	
0	0	17	32	0	3	3	0	1	1	31	5	34	2	1	1	49	10	6	10	45	1	6	5	10	33	10	62	13	25	
1	60	3	62	55	12	7	10	6	606	237	41	26	16	11	39	74	19	12	4	37	18	2	29	64	9	12	37	69	21	
3	5	13	19	14	31	8	1	5	11	15	18	123	15	99	8	6	19	36	23	19	3	43	18	10	26	18	5	6	129	
0	19	12	36	6	12	5	2	35	9	8	4	35	35	34	21	25	6	30	43	15	3	5	22	2	6	10	14	24	121	
12	175	226	142	101	55	52	11	60	97	112	143	239	62	220	117	202	100	147	221	100	28	28	110	161	116	222	192	100	297	
0	18	10	105	7	3	1	0	8	61	28	10	21	5	24	6	70	3	26	38	42	4	2	10	27	0	6	13	8	28	
0	232	3	29	37	2	0	1	16	66	53	12	12	20	28	6	54	0	2	69	22	34	0	154	8	9	11	13	32	8	
3	227	44	79	115	42	35	13	60	245	236	70	111	39	95	76	306	57	110	145	318	56	7	100	344	29	84	263	380	105	
1	11	34	4	10	32	2	2	6	6	9	71	94	17	67	3	48	29	18	44	10	4	27	5	11	18	10	1	9	47	
2	58	5	24	26	31	22	7	7	66	13	43	27	9	60	20	21	19	6	32	35	12	19	58	39	10	15	15	77	23	
3	118	26	100	31	15	35	23	14	152	10	22	81	62	107	153	28	16	52	58	21	13	18	71	15	15	27	22	61	38	
1	26	30	27	6	21	30	4	12	7	22	34	79	12	26	13	12	19	46	57	10	15	3	11	11	18	13	2	59	61	
11	111	28	29	58	18	12	12	29	145	72	38	118	101	173	175	68	34	32	70	19	24	29	66	16	1	49	25	120	219	
4	85	101	242	67	76	23	7	45	69	61	64	212	47	142	62	122	91	103	77	159	36	24	24	111	47	102	84	55	89	
5	58	13	38	30	14	10	12	18	37	50	15	128	22	150	34	32	80	62	120	22	14	20	15	28	14	48	12	114	236	
5	67	47	38	33	25	15	6	14	36	84	25	27	12	43	37	261	15	33	85	217	27	14	137	24	15	37	99	76	44	
1	9	1	28	18	7	90	2	4	13	6	17	84	3	44	5	67	19	27	54	20	0	23	28	12	14	13	24	9	22	
3	150	1	32	34	5	351	12	26	853	7	3	10	31	15	100	17	10	4	38	16	18	10	66	17	2	6	18	24	16	
5	42	29	60	21	13	17	5	11	11	10	43	165	21	110	20	61	147	65	52	26	13	26	29	23	15	55	78	28	93	
0	0	0	0	0	0	0	0	0	0	0	0	0	0	0	0	0	0	0	0	0	0	0	0	0	0	0	0	0	0	
2	127	124	254	73	20	283	8	47	53	82	25	162	34	82	97	58	30	74	136	106	34	8	80	56	31	55	54	88	226	
9	389	124	251	125	41	57	16	66	180	74	54	217	88	96	182	71	46	93	96	73	77	97	55	66	41	57	41	122	148	
2	124	20	29	39	31	13	10	23	112	34	26	148	42	90	42	55	26	76	74	40	7	17	35	65	16	44	31	74	159	
5	446	43	57	77	44	44	28	45	301	17	18	243	736	246	645	70	13	39	238	42	20	28	45	40	17	44	27	59	231	
0	7	9	26	8	91	1	2	2	4	5	27	72	8	48	4	44	55	15	42	3	0	8	12	7	19	78	29	6	39	
4	16	18	14	16	2	0	2	5	101	19	3	7	8	12	17	50	1	5	11	31	11	4	36	2	3	30	7	12	11	
3	11	9	43	36	9	12	4	10	7	60	33	62	0	28	24	107	28	5	34	21	8	4	5	8	7	12	15	11	20	
8	165	24	100	87	30	21	6	67	55	219	32	48	24	47	42	1016	27	38	155	372	54	3	25	260	9	44	1602	140	23	
1	8	33	21	2	23	1	7	1	23	17	48	77	15	291	10	13	28	17	46	5	10	59	27	3	35	35	4	25	202	
0	38	176	48	28	41	1	5	3	12	42	14	120	15	44	18	15	17	35	39	26	8	33	6	7	17	47	20	45	61	
0	10	6	3	0	10	1	1	5	6	0	10	12	1	0	1	6	0	20	7	607	19	0	2	1	6	0	20	0	6	
1	80	65	54	25	35	7	1	28	53	248	102	70	14	38	25	66	30	47	56	106	24	11	48	126	44	54	29	89	67	
